Circle,0.009072120569993292,2.5856366769888453E-4
rectangle,0.0713613106756169,0.015312193054447643,0.0010926981656834615
rectangle,0.07012439747683863,0.017512425436160606,0.0012280482820688254
Circle,0.021325635518072983,0.0014287420843319533
rectangle,0.053920758736572205,0.02680791588138276,0.0014455031644703621
Circle,0.03985530665976611,0.004990248615862455
rectangle,0.013166171130340687,0.8315200099567033,0.010947934749392547
rectangle,0.24314568372232115,0.054582675842073436,0.013271542037014767
Circle,0.08062444973405936,0.020421300679196057
Circle,0.0969182863083583,0.02950946429456906
rectangle,0.8312177454447613,0.03845991730062326,0.031968565748616035
rectangle,0.1478073658714043,0.21697995803378234,0.032071236043861216
rectangle,0.04834973119426378,0.8588086798663429,0.04152316881883821
Circle,0.12158885618281656,0.04644483438792574
rectangle,0.06602028975771235,0.8942630764036962,0.059039507423795275
rectangle,0.09962710165305289,0.667152240011073,0.0664664440336451
Circle,0.14636090378293676,0.06729767150175596
rectangle,0.0927016607823613,0.7346350792597035,0.06810189191635614
rectangle,0.5952772156712943,0.17002513618170956,0.10121208966038071
rectangle,0.14139739464630985,0.7249696316360825,0.10250881711103704
rectangle,0.29155345841317004,0.389373682649653,0.11352324379157848
Circle,0.19092134672068972,0.11451407014293988
rectangle,0.2356596117516988,0.4921578256506496,0.11598172211339235
Circle,0.19390739045739624,0.11812412276848672
Circle,0.19973103188962116,0.12532593812263537
rectangle,0.3489097888071153,0.4206706267720164,0.14677609954438106
Circle,0.21911833466543207,0.15083679983106116
rectangle,0.18721176101695525,0.8766158652615001,0.1641127998710074
rectangle,0.34950353762090525,0.49478464022230584,0.17292898211818272
rectangle,0.21095257342530804,0.8428475877500406,0.17780086764118422
rectangle,0.3416672385492483,0.5536643051591985,0.18916895422703167
rectangle,0.6617987706855925,0.32450477653420995,0.21475686219194304
rectangle,0.6041183067831217,0.3624689940971838,0.21897415497537204
Circle,0.2646719403114751,0.22007244835554302
rectangle,0.6074625665843335,0.36409152045015625,0.22117196948424425
rectangle,0.23974276851839038,0.9566299944706482,0.2293451233221257
Circle,0.2756207489067357,0.23865673208794708
Circle,0.2761346522872984,0.23954752743620594
rectangle,0.2524582305169659,0.9627014395832345,0.24304190195331915
rectangle,0.2763825738307182,0.918003187304695,0.2537200836920745
rectangle,0.27067791663205176,0.9773510419363284,0.2645473438494904
rectangle,0.5853364392253532,0.45484277620046465,0.2662360510285542
rectangle,0.5916148990591871,0.4761212028198346,0.2816803973461952
rectangle,0.4561593419349961,0.6176472176952043,0.28174554837182564
rectangle,0.7179874699460239,0.4015981830838635,0.2883424634073033
Circle,0.30304548580783297,0.2885130825483676
Circle,0.31207540320684346,0.30596303009728315
Circle,0.32217266644422116,0.3260823226327582
rectangle,0.48652669838382645,0.7122889114239707,0.34654757237051426
rectangle,0.6763721906774942,0.5685134799376524,0.3845267078551156
Circle,0.3532640356366036,0.39205655963259395
rectangle,0.45485201670051145,0.9333939092960041,0.4245561020192617
Circle,0.3702721880728521,0.4307170440226157
rectangle,0.9753550245776831,0.4582644227150504,0.44697050728031573
Circle,0.38025895173763835,0.4542644657072259
rectangle,0.9412265516577717,0.5001174001344488,0.4707237759525973
Circle,0.39075599311764697,0.47969055560277485
rectangle,0.8299047300279434,0.578746915970273,0.4803048030528142
rectangle,0.7484721551223859,0.6646542251386616,0.49747518030073345
rectangle,0.5038647818537011,0.9900460731001256,0.4988493486477082
rectangle,0.975271642003506,0.5438852095899255,0.5304358214181877
Circle,0.42762733453207125,0.5744877717477441
rectangle,0.9206888549917298,0.6515022523691386,0.5998308627582752
rectangle,0.9669188556962037,0.6391134473627371,0.6179708431840337
rectangle,0.7008692158109098,0.910734318527426,0.6383056476384004
rectangle,0.9497061802043728,0.7007639191492597,0.6655198248802894
Circle,0.4619133374650859,0.670302559201504
Circle,0.46685984621802823,0.6847356160495528
rectangle,0.7313005049611921,0.96435711984663,0.7052348487067613
rectangle,0.8596675637833121,0.8688932553905611,0.7469593480493548
rectangle,0.7928574367879087,0.9826065746659988,0.7790669301606306
Circle,0.5232301010718535,0.8600729997735247
Circle,0.5252660741205265,0.8667793888835876
Circle,0.5398854129859105,0.9156996744570796
Circle,0.5482331916748515,0.9442359332831174
Circle,0.5591916157552107,0.9823611414644356
Circle,0.5647461985383928,1.0019741220962652
Circle,0.5811051217110584,1.060862942484442
Circle,0.6117758627748147,1.175802959691196
Circle,0.6129145097972613,1.1801838793756794
Circle,0.6161131126893671,1.1925340182761528
Circle,0.6320798334622801,1.2551445406223416
Circle,0.6353566481740458,1.2681920603178385
Circle,0.6402153115477545,1.2876623156577927
Circle,0.7119758661159191,1.5925035819931332
Circle,0.7356645698418705,1.700237356147137
Circle,0.7383876128930446,1.7128474186286604
Circle,0.759874571786688,1.8139850187204334
Circle,0.7775626063307585,1.8994182493433038
Circle,0.7790647737665841,1.9067642824437232
Circle,0.8168871472980266,2.096399264945887
Circle,0.8404732458281724,2.2192062126058945
Circle,0.8638171935199892,2.344194058081845
Circle,0.8703119695259247,2.379577126494745
Circle,0.8815118138589936,2.441215657135764
Circle,0.8959244408381173,2.5216954877349584
Circle,0.9452177204597093,2.806813667594298
Circle,0.9597524173164115,2.893798598554498
Circle,0.9658266251097735,2.930543819906141
Circle,0.9933414832508671,3.099895244149913
